(hextrato) C:\Users\hegle\Dropbox\dbgit.hextrato\FormulAI>time
The current time is:  8:40:14.45
Enter the new time:

(hextrato) C:\Users\hegle\Dropbox\dbgit.hextrato\FormulAI>python main_mlabel_xgb.py > output/main_mlabel_xgb-output.txt

(hextrato) C:\Users\hegle\Dropbox\dbgit.hextrato\FormulAI>
(hextrato) C:\Users\hegle\Dropbox\dbgit.hextrato\FormulAI>time
The current time is: 16:54:19.03

========================
Noise (ratio): 0.35
========================
------------------------
DEPTH: 10
------------------------
Time: 08:40:25
------------------------
F1 test: 0.28878597228199043
Confusion matrix:
[[64715 10767  1902   434    91    96]
 [44022 18636  1890   343    53    61]
 [36347  8945  6263   360    40    50]
 [27122  5708  1486  4579    61    49]
 [18761  3635   756   175  2643    30]
 [18996  3808   768   164    42  2222]]
------------------------
DEPTH: 11
------------------------
Time: 08:49:06
------------------------
F1 test: 0.31595210088480563
Confusion matrix:
[[62856 11728  2606   580   113   122]
 [40180 21620  2599   446    72    88]
 [32948  9948  8484   480    61    84]
 [25367  6409  1938  5162    77    52]
 [17777  4081   947   275  2878    42]
 [17702  4019  1041   207    46  2985]]
------------------------
DEPTH: 12
------------------------
Time: 08:59:23
------------------------
F1 test: 0.3312566338380818
Confusion matrix:
[[61153 12684  3180   710   131   147]
 [36769 24310  3055   653   120    98]
 [30941 10358  9948   582    75   101]
 [24519  6632  2417  5255   112    70]
 [16815  4346  1227   340  3220    52]
 [16910  4390  1266   271    53  3110]]
------------------------
DEPTH: 13
------------------------
Time: 09:10:31
------------------------
F1 test: 0.3650762376283546
Confusion matrix:
[[59926 13092  3691   997   155   144]
 [34110 26394  3538   744   121    98]
 [27840 10746 12407   787   104   121]
 [21718  7159  2762  7162   127    77]
 [15485  4777  1380   419  3878    61]
 [15480  4629  1541   325    68  3957]]
------------------------
DEPTH: 14
------------------------
Time: 09:22:51
------------------------
F1 test: 0.37204337684989736
Confusion matrix:
[[58970 13492  4056  1119   179   189]
 [32515 27395  3911   881   158   145]
 [26597 10847 13397   899   114   151]
 [21107  7223  3095  7372   122    86]
 [14943  4935  1526   469  4045    82]
 [15075  4803  1636   432    81  3973]]
------------------------
DEPTH: 15
------------------------
Time: 09:36:20
------------------------
F1 test: 0.3821940780212488
Confusion matrix:
[[57881 13889  4502  1336   197   200]
 [30770 28295  4508  1070   192   170]
 [25077 11386 14215  1038   142   147]
 [19625  7596  3426  8116   140   102]
 [13880  4993  1826   604  4617    80]
 [14406  5068  1935   508    76  4007]]
------------------------
DEPTH: 16
------------------------
Time: 09:50:53
------------------------
F1 test: 0.3971411535949191
Confusion matrix:
[[56258 14346  5366  1522   254   259]
 [28481 30239  4843  1122   174   146]
 [23902 11347 15127  1299   164   166]
 [18174  7309  3701  9529   183   109]
 [13439  4937  2009   676  4839   100]
 [13718  5118  2247   572   101  4244]]
------------------------
DEPTH: 17
------------------------
Time: 10:06:24
------------------------
F1 test: 0.4041642621302327
Confusion matrix:
[[55916 14657  5267  1693   228   244]
 [27805 30297  5258  1283   201   161]
 [22497 11352 16498  1341   151   166]
 [17989  7745  3940  9058   164   109]
 [12579  5166  2078   758  5300   119]
 [13058  5327  2192   658   101  4664]]
------------------------
DEPTH: 18
------------------------
Time: 10:23:51
------------------------
F1 test: 0.4084626490981838
Confusion matrix:
[[55110 15088  5495  1799   269   244]
 [27425 30534  5287  1352   249   158]
 [21349 10783 18224  1304   165   180]
 [17190  7590  3773 10106   218   128]
 [12825  5351  2106   805  4818    95]
 [13275  5602  2283   690    95  4055]]
------------------------
DEPTH: 19
------------------------
Time: 10:43:14
------------------------
F1 test: 0.4104926385835067
Confusion matrix:
[[54565 15250  5936  1733   258   263]
 [26960 30718  5652  1314   208   153]
 [21403 11460 17440  1396   136   170]
 [16604  7533  3877 10673   193   125]
 [12563  5478  2180   829  4863    87]
 [12787  5425  2370   679   108  4631]]
------------------------
DEPTH: 20
------------------------
Time: 11:04:30
------------------------
F1 test: 0.41424986401161085
Confusion matrix:
[[55321 13906  6310  1958   248   262]
 [25284 31995  5938  1428   194   166]
 [21276 10891 17873  1590   164   211]
 [16906  7171  4373 10253   153   149]
 [12510  5073  2470   906  4929   112]
 [13039  5071  2687   824   105  4274]]
------------------------
DEPTH: 21
------------------------
Time: 11:26:55
------------------------
F1 test: 0.416774682189825
Confusion matrix:
[[54817 14605  6239  1841   258   245]
 [25139 32247  5835  1407   217   160]
 [20082 11040 19002  1550   145   186]
 [16301  7549  4410 10435   191   119]
 [12371  5610  2552   879  4474   114]
 [12655  5579  2553   740    99  4374]]
------------------------
DEPTH: 22
------------------------
Time: 11:50:39
------------------------
F1 test: 0.41946124350471625
Confusion matrix:
[[54647 15168  5779  1979   225   207]
 [25499 32135  5634  1421   189   127]
 [19901 11027 19241  1541   151   144]
 [16421  7384  3899 11035   171    95]
 [12531  5544  2268   971  4605    81]
 [12744  5652  2478   853    94  4179]]
------------------------
DEPTH: 23
------------------------
Time: 12:16:45
------------------------
F1 test: 0.4109576978304929
Confusion matrix:
[[53615 15538  6375  2065   238   174]
 [25116 32323  5747  1532   179   108]
 [20543 11373 18214  1618   146   111]
 [16227  7757  4179 10589   149   104]
 [12660  5775  2422  1033  4040    70]
 [12398  5574  2422   811    87  4708]]
------------------------
DEPTH: 24
------------------------
Time: 12:44:49
------------------------
F1 test: 0.41298831665213004
Confusion matrix:
[[53736 15367  6726  1833   189   154]
 [25368 31606  6385  1360   175   111]
 [19917 11157 19206  1448   149   128]
 [15393  7288  4216 11880   132    96]
 [12779  5790  2707   943  3698    83]
 [12747  5791  2637   664    93  4068]]
------------------------
DEPTH: 25
------------------------
Time: 13:14:46
------------------------
F1 test: 0.4066258307092426
Confusion matrix:
[[53713 15230  6935  1733   234   160]
 [25378 31799  6344  1226   174    84]
 [20830 11380 18148  1404   149    94]
 [15971  7602  4405 10806   133    88]
 [13107  5836  2800   898  3288    71]
 [12396  5401  2675   622    91  4815]]
------------------------
DEPTH: 26
------------------------
Time: 13:46:41
------------------------
F1 test: 0.3975680193031782
Confusion matrix:
[[54560 15304  6230  1598   184   129]
 [25803 32036  5813  1133   126    94]
 [21483 11567 17543  1225    93    94]
 [17013  7978  4189  9650   112    63]
 [13562  5947  2518   831  3080    62]
 [13039  5665  2417   606    55  4218]]
------------------------
DEPTH: 27
------------------------
Time: 14:20:07
------------------------
F1 test: 0.4107888865738563
Confusion matrix:
[[53329 15903  6749  1647   228   149]
 [24117 33346  6111  1177   183    71]
 [19823 11611 19003  1356   124    88]
 [15946  7872  4275 10675   164    73]
 [12655  6030  2673   879  3690    73]
 [12780  5802  2661   657    94  4006]]
------------------------
DEPTH: 28
------------------------
Time: 14:55:16
------------------------
F1 test: 0.41017541108155403
Confusion matrix:
[[53192 15708  7132  1586   225   162]
 [24465 32323  6746  1210   176    85]
 [19614 11728 19163  1241   148   111]
 [15315  7952  4627 10873   161    77]
 [12233  6075  2962   891  3759    80]
 [12261  5901  2898   614   111  4215]]
------------------------
DEPTH: 29
------------------------
Time: 15:33:07
------------------------
F1 test: 0.395530336293504
Confusion matrix:
[[53960 15759  6391  1554   214   127]
 [25505 32161  5997  1115   154    73]
 [21243 11886 17433  1202   135   106]
 [16623  8046  4233  9881   149    73]
 [13259  6127  2650   827  3072    65]
 [12881  5817  2601   618    99  3984]]
------------------------
DEPTH: 30
------------------------
Time: 16:12:34
------------------------
F1 test: 0.40159101645956596
Confusion matrix:
[[53492 15768  6594  1782   207   162]
 [24299 32806  6369  1275   165    91]
 [19917 12376 18043  1425   143   101]
 [15710  8374  4404 10302   145    70]
 [12457  6461  2856   991  3153    82]
 [12380  5969  2696   690   103  4162]]
------------------------
Best:
	 Depth: 22
	 F1 test: 0.41946124350471625
========================
