The current time is:  9:31:18.50
Enter the new time: ========================
Noise (ratio): 0.35
========================
[0.09128295224110203, 0.09128375012018496, 0.09128414906495698, 0.09128574487891647, 0.09128654280681972, 0.09128773972482998, 0.09128853768760763, 0.0912909316596444, 0.09129095001857639, 0.09128579920970731, 0.09127390038555354, 0.09127511497368283, 0.09127357150040005, 0.091269251287792, 0.09126890410839085, 0.09126459909890206, 0.09126826130899512, 0.09127393998809566, 0.09125177311174544, 0.09124952369272815, 0.0912612849504777, 0.09124558156669094, 0.09124268614394634, 0.09122228813745523, 0.09119828928957997, 0.09119873789231542, 0.09121053305487732, 0.0911802715669092, 0.09119036204478062, 0.09116094693004921, 0.09120024333185724, 0.09123597121655452, 0.09127646013858942, 0.09123536422274584, 0.0912591098684512, 0.09120974680148385, 0.09114234038874064, 0.09124441396921476, 0.09117008478597413, 0.09122675530594665, 0.09116026202819329, 0.09106832774704196, 0.09107693577167848, 0.09118190944153855, 0.09125485600190984, 0.09104725293759394, 0.09113061554452015, 0.09113011401743797, 0.09120119559125724, 0.09139029782806607, 0.09155764513491414, 0.09170405837406999, 0.09136613842344764, 0.09140744313158106, 0.09179869923993796, 0.09200168810436889, 0.09154950451029017, 0.09204359847554791, 0.0921596876888042, 0.09239116623039975, 0.09232185703922773, 0.09265879742349062, 0.09285787548292249, 0.09378866617173967, 0.093619736282433, 0.09379949128953305, 0.09354689582030294, 0.09385343520895846, 0.09398522687302145, 0.0937094682230869, 0.09278350515463918, 0.09303718220915673, 0.093539361566832, 0.09244695058614037, 0.09365453434581479, 0.09301848049281314, 0.09559001696147322, 0.09725867599883348, 0.09631183359552525, 0.09570188439551133, 0.09664948453608248, 0.09674359785014228, 0.09514783927217589, 0.09278824069820854, 0.09193457416807671, 0.1006993006993007, 0.09817549956559514, 0.10725893824485373, 0.10326086956521739, 0.1113013698630137, 0.116331096196868, 0.11634349030470914, 0.12, 0.1407035175879397, 0.13291139240506328, 0.1322314049586777, 0.10714285714285714, 0.10144927536231885, 0.09259259259259259, 0.09302325581395349, 0.09090909090909091, 0.11538461538461539, 0.13636363636363635, 1.0, 1.0, 1.0, 1.0, 1.0, 1.0, 1.0, 1.0, 1.0]
[1.0, 1.0, 1.0, 1.0, 1.0, 1.0, 1.0, 1.0, 0.9999521233303011, 0.9998563699909034, 0.999664863312108, 0.9996169866424092, 0.9994733566333126, 0.9992818499545172, 0.9991382199454206, 0.9988988365969264, 0.9987073299181309, 0.9984679465696367, 0.9978934265332503, 0.9974625365059606, 0.9969837698089721, 0.9961219897543927, 0.9952123330301145, 0.9938717862785464, 0.9923397328481831, 0.9908076794178197, 0.9890362426389621, 0.9863551491358261, 0.9835304256235936, 0.9798917987264806, 0.9761574184899698, 0.9718485182170729, 0.9667735912289941, 0.9602623641499497, 0.9532244937042179, 0.9440800497917365, 0.9336908124670847, 0.9237803418394217, 0.9107100110116341, 0.897448173505051, 0.8814573658256332, 0.8637429980370566, 0.8455019868817925, 0.8262555656628525, 0.8052377076650549, 0.7801503327428544, 0.7555896011873414, 0.7285871594771868, 0.7012017044094413, 0.6728587159477186, 0.6433188107435247, 0.6125341121271605, 0.5777277732560923, 0.5444534878153876, 0.5129027624838416, 0.4801072437401254, 0.44362522142959737, 0.4127926461435343, 0.3797577440513238, 0.3481112653803801, 0.31684780006702734, 0.2878824148992196, 0.2600660698041844, 0.23588835160626226, 0.210753100014363, 0.18714990185282712, 0.16469574376406376, 0.14525781586632833, 0.12792646143534256, 0.11069086034375449, 0.09479580600373438, 0.08182122851534447, 0.0704265811270168, 0.059654330444774264, 0.051371666586872214, 0.04337626274716331, 0.03777469239239718, 0.031933738689136786, 0.026380045004069517, 0.021640254703882797, 0.017953751137070904, 0.01465026092784986, 0.012017044094412793, 0.009671087279168862, 0.007803897160913487, 0.006894240436635227, 0.005410063675970699, 0.004739790300186719, 0.003638626897113037, 0.0031119835304256236, 0.002489586824340499, 0.0020108201273519415, 0.0015799301000622398, 0.0013405467515679608, 0.0010054100636759707, 0.0007660267151816919, 0.0004308900272897017, 0.0003351366878919902, 0.00023938334849427873, 0.00019150667879542298, 0.00014363000909656725, 0.00014363000909656725, 0.00014363000909656725, 0.0, 0.0, 0.0, 0.0, 0.0, 0.0, 0.0, 0.0, 0.0]
F1index 26
TH_avg 0.4532092115717233
F1 (0.5): 0.1557061754835159
F1 test: 0.16666452985973998
Precision 0.09090813729055358
Recall 0.9999615384615385
------------------------
Scores:
	 F1 test  : 0.1557061754835159 (th = 0.5)
	 F1 tune  : 0.16731216732017767
	 TH tune  : 0.4532092115717233
	 F1 test  : 0.16666452985973998
	 Precision: 0.09090813729055358
	 Recall   : 0.9999615384615385
========================
The current time is:  9:31:36.55
Enter the new time: 