The current time is:  9:31:01.26
Enter the new time: ========================
Noise (ratio): 0.35
========================
[0.2726732396335921, 0.2726744313091362, 0.27267562299509646, 0.27267800639826584, 0.2726772111236883, 0.27267204531349704, 0.2726827711901817, 0.2726934979107296, 0.2726974690737422, 0.2726883243493733, 0.2726918956734658, 0.27268592221969523, 0.2726886914215461, 0.27268946921480913, 0.27266953143137485, 0.2727009654761174, 0.272690549684082, 0.27277766047297297, 0.27272005609727057, 0.27271761879267087, 0.2726933366515274, 0.27254401530422967, 0.27261552592832733, 0.2725805718441747, 0.2725035307323222, 0.27254181585618054, 0.27255778559878246, 0.2725763499072555, 0.2726148577951108, 0.2723682235347099, 0.2722740526352666, 0.27241677646273815, 0.27221372037971353, 0.2723851511085554, 0.272707839134992, 0.27243268498911055, 0.2721941929232517, 0.2716164177702639, 0.27153814839414653, 0.2712391959425106, 0.2720811885821245, 0.2717486587888776, 0.2728804521702037, 0.27295304820662974, 0.2741925085423248, 0.2750198570293884, 0.27596424754687654, 0.2764242100895133, 0.2798454050959061, 0.27589445820169073, 0.27987169206094625, 0.28071195905072127, 0.2838813151563753, 0.2818586106425395, 0.2806303116147309, 0.27835683629675045, 0.28251548356360173, 0.28591749644381226, 0.28645473393227366, 0.2838184931506849, 0.2894308943089431, 0.29606625258799174, 0.2935862691960253, 0.2922705314009662, 0.2928452579034942, 0.3078817733990148, 0.3104693140794224, 0.30851063829787234, 0.30303030303030304, 0.3058823529411765, 0.28846153846153844, 0.2571428571428571, 0.2727272727272727, 0.2727272727272727, 0.3333333333333333, 1.0, 1.0]
[1.0, 1.0, 1.0, 1.0, 0.9999839723041416, 0.9999519169124247, 0.9999519169124247, 0.9999519169124247, 0.9998878061289909, 0.9997275291704064, 0.9995832799076805, 0.9992947813822285, 0.9989421720733427, 0.9984773688934478, 0.9976920117963841, 0.9968585716117451, 0.9954000512886267, 0.9938774201820746, 0.9911366841902808, 0.9878670342351583, 0.9834914732658033, 0.9773047826644442, 0.9704128734453135, 0.9611007821515579, 0.9494165918707527, 0.935728939607642, 0.9185151942556739, 0.8973586357225285, 0.8727721502756763, 0.8433453006795743, 0.8096871393768432, 0.7721342479805103, 0.7298531863059367, 0.6832767021413002, 0.6338472881138607, 0.579417232978587, 0.5222784972432363, 0.4635049365303244, 0.40625400692396463, 0.3505737915117323, 0.29821130914219773, 0.24842928580587254, 0.20505834081292473, 0.16734517245800742, 0.13633158097191947, 0.11099179381972048, 0.0910533401718169, 0.07473714578792152, 0.06266829080651365, 0.05178548531863059, 0.04474932683677395, 0.0386748301064239, 0.03404282600333376, 0.029458904987818953, 0.025403897935632774, 0.021829721759199897, 0.01900884728811386, 0.01610783433773561, 0.01328695986664957, 0.010626362354147968, 0.00855878958840877, 0.006875881523272214, 0.005209001153994102, 0.0038787023977433005, 0.0028208744710860366, 0.002003461982305424, 0.0013783818438261315, 0.0009296063597897166, 0.0006411078343377356, 0.00041672009231952814, 0.00024041543787665085, 0.0001442492627259905, 9.616617515066035e-05, 4.8083087575330173e-05, 3.205539171688678e-05, 0.0, 0.0]
F1index 44
TH_avg 0.47143321246484293
F1 (0.5): 0.35274819907869376
F1 test: 0.42856161579527247
Precision 0.27273458482542523
Recall 0.9997948849432728
------------------------
Scores:
	 F1 test  : 0.35274819907869376 (th = 0.5)
	 F1 tune  : 0.4285282521190807
	 TH tune  : 0.47143321246484293
	 F1 test  : 0.42856161579527247
	 Precision: 0.27273458482542523
	 Recall   : 0.9997948849432728
========================
The current time is:  9:31:18.50
Enter the new time: 